C:\Kunal\Course\Artificial Neural Networks\assignment2\hw2-kupaliwa>python hw2_UCI_withCostMatrix.py


------------------------------------------------------------------------- Start time:  2017-10-19 17:08:12 ------------------------------------------------------------
***********************************************************************************
Confusion Matrix:  [[9, 1, 0, 0, 2, 0], [10, 2, 0, 0, 0, 0], [6, 3, 0, 0, 0, 1], [14, 6, 0, 4, 4, 0], [4, 19, 0, 1, 0, 0], [2, 2, 0, 5, 4, 1]]
Missclassification cost while training: 160
Error at iteration 0 : 20.49936281647073
***********************************************************************************
***********************************************************************************
Confusion Matrix:  [[7, 5, 0, 0, 0, 0], [0, 12, 0, 0, 0, 0], [0, 6, 4, 0, 0, 0], [0, 3, 0, 25, 0, 0], [0, 2, 0, 0, 22, 0], [0, 1, 0, 0, 0, 13]]
Missclassification cost while training: 38
Error at iteration 367 : 1.6037053814944529
***********************************************************************************
***********************************************************************************
Confusion Matrix:  [[12, 0, 0, 0, 0, 0], [0, 11, 0, 0, 1, 0], [0, 2, 8, 0, 0, 0], [0, 1, 0, 27, 0, 0], [0, 0, 0, 2, 22, 0], [0, 0, 0, 0, 0, 14]]
Missclassification cost while training: 15
Error at iteration 368 : 2.0234735346631
***********************************************************************************
***********************************************************************************
Confusion Matrix:  [[12, 0, 0, 0, 0, 0], [0, 11, 1, 0, 0, 0], [0, 1, 9, 0, 0, 0], [0, 1, 0, 27, 0, 0], [0, 2, 0, 0, 22, 0], [0, 0, 0, 0, 0, 14]]
Missclassification cost while training: 14
Error at iteration 369 : 1.5837207697262297
***********************************************************************************
***********************************************************************************
Confusion Matrix:  [[12, 0, 0, 0, 0, 0], [0, 12, 0, 0, 0, 0], [0, 0, 10, 0, 0, 0], [0, 0, 0, 27, 1, 0], [0, 1, 0, 1, 22, 0], [0, 0, 0, 0, 0, 14]]
Missclassification cost while training: 6
Error at iteration 370 : 0.8957958246011979
***********************************************************************************
***********************************************************************************
Confusion Matrix:  [[12, 0, 0, 0, 0, 0], [0, 12, 0, 0, 0, 0], [0, 0, 10, 0, 0, 0], [0, 0, 0, 28, 0, 0], [0, 0, 0, 0, 24, 0], [0, 0, 0, 0, 0, 14]]
Missclassification cost while training: 0
Error at iteration 371 : 0.6624361113279589
***********************************************************************************


------------------------------------------------------------------------- Training finished at:  2017-10-19 17:09:31 ------------------------------------------------------------
accuracy: 85.000000000
Missclassification cost on the Test Data:  24