C:\Kunal\Course\Artificial Neural Networks\assignment2\hw2-kupaliwa>python hw2_UCI_withoutCostMatrix.py


------------------------------------------------------------------------- Start time:  2017-10-19 17:06:30 ------------------------------------------------------------
***********************************************************************************
Confusion Matrix:  [[2, 4, 1, 3, 2, 0], [5, 2, 2, 3, 0, 0], [2, 5, 0, 1, 0, 2], [3, 3, 0, 15, 7, 0], [0, 8, 2, 12, 2, 0], [0, 1, 0, 6, 7, 0]]
Missclassification cost while training: 149
Error at iteration 0 : 27.4577750099045
***********************************************************************************
***********************************************************************************
Confusion Matrix:  [[12, 0, 0, 0, 0, 0], [9, 2, 0, 0, 1, 0], [9, 0, 0, 0, 1, 0], [11, 1, 0, 4, 12, 0], [5, 1, 0, 8, 10, 0], [2, 0, 0, 3, 9, 0]]
Missclassification cost while training: 96
Error at iteration 1 : 20.6455701180108
***********************************************************************************
***********************************************************************************
Confusion Matrix:  [[8, 2, 1, 0, 1, 0], [4, 5, 0, 0, 3, 0], [2, 3, 3, 1, 1, 0], [2, 1, 1, 14, 10, 0], [0, 2, 0, 6, 16, 0], [1, 0, 0, 1, 9, 3]]
Missclassification cost while training: 86
Error at iteration 3 : 4.875044430268992
***********************************************************************************
***********************************************************************************
Confusion Matrix:  [[9, 1, 1, 1, 0, 0], [1, 8, 0, 0, 3, 0], [2, 1, 6, 0, 1, 0], [1, 2, 0, 20, 5, 0], [0, 1, 0, 8, 15, 0], [3, 0, 0, 1, 1, 9]]
Missclassification cost while training: 60
Error at iteration 4 : 1.7165699018477811
***********************************************************************************
***********************************************************************************
Confusion Matrix:  [[9, 1, 1, 1, 0, 0], [0, 11, 0, 0, 1, 0], [2, 0, 8, 0, 0, 0], [0, 1, 0, 22, 5, 0], [0, 1, 0, 8, 15, 0], [2, 0, 0, 0, 1, 11]]
Missclassification cost while training: 39
Error at iteration 5 : 1.2071988719972917
***********************************************************************************
***********************************************************************************
Confusion Matrix:  [[11, 0, 1, 0, 0, 0], [0, 11, 0, 0, 1, 0], [0, 2, 8, 0, 0, 0], [0, 0, 0, 22, 6, 0], [0, 0, 0, 6, 18, 0], [1, 0, 0, 0, 0, 13]]
Missclassification cost while training: 30
Error at iteration 6 : 0.9682143272416969
***********************************************************************************
***********************************************************************************
Confusion Matrix:  [[12, 0, 0, 0, 0, 0], [0, 11, 0, 0, 1, 0], [1, 1, 8, 0, 0, 0], [0, 0, 0, 21, 7, 0], [0, 0, 0, 5, 19, 0], [0, 0, 0, 0, 0, 14]]
Missclassification cost while training: 27
Error at iteration 17 : 0.6743274857699756
***********************************************************************************
***********************************************************************************
Confusion Matrix:  [[12, 0, 0, 0, 0, 0], [0, 11, 0, 0, 1, 0], [1, 0, 9, 0, 0, 0], [0, 0, 0, 21, 7, 0], [0, 0, 0, 5, 19, 0], [0, 0, 0, 0, 0, 14]]
Missclassification cost while training: 24
Error at iteration 18 : 0.6584711509285608
***********************************************************************************
***********************************************************************************
Confusion Matrix:  [[12, 0, 0, 0, 0, 0], [0, 11, 0, 0, 1, 0], [1, 0, 9, 0, 0, 0], [0, 0, 0, 22, 6, 0], [0, 0, 0, 6, 18, 0], [0, 0, 0, 0, 0, 14]]
Missclassification cost while training: 23
Error at iteration 26 : 0.5518634636868504
***********************************************************************************
***********************************************************************************
Confusion Matrix:  [[12, 0, 0, 0, 0, 0], [0, 11, 0, 0, 1, 0], [1, 0, 9, 0, 0, 0], [0, 0, 0, 22, 6, 0], [0, 0, 0, 5, 19, 0], [0, 0, 0, 0, 0, 14]]
Missclassification cost while training: 22
Error at iteration 31 : 0.5053217130010518
***********************************************************************************
***********************************************************************************
Confusion Matrix:  [[12, 0, 0, 0, 0, 0], [0, 12, 0, 0, 0, 0], [1, 0, 9, 0, 0, 0], [0, 0, 0, 22, 6, 0], [0, 0, 0, 5, 19, 0], [0, 0, 0, 0, 0, 14]]
Missclassification cost while training: 18
Error at iteration 32 : 0.49752303996397057
***********************************************************************************
***********************************************************************************
Confusion Matrix:  [[12, 0, 0, 0, 0, 0], [0, 12, 0, 0, 0, 0], [1, 0, 9, 0, 0, 0], [0, 0, 0, 23, 5, 0], [0, 0, 0, 5, 19, 0], [0, 0, 0, 0, 0, 14]]
Missclassification cost while training: 16
Error at iteration 34 : 0.4832360070578522
***********************************************************************************
***********************************************************************************
Confusion Matrix:  [[12, 0, 0, 0, 0, 0], [0, 12, 0, 0, 0, 0], [1, 0, 9, 0, 0, 0], [0, 0, 0, 23, 5, 0], [0, 0, 0, 4, 20, 0], [0, 0, 0, 0, 0, 14]]
Missclassification cost while training: 15
Error at iteration 38 : 0.45936989446055776
***********************************************************************************
***********************************************************************************
Confusion Matrix:  [[12, 0, 0, 0, 0, 0], [0, 12, 0, 0, 0, 0], [0, 0, 10, 0, 0, 0], [0, 0, 0, 23, 5, 0], [0, 0, 0, 4, 20, 0], [0, 0, 0, 0, 0, 14]]
Missclassification cost while training: 14
Error at iteration 48 : 0.4246103272756112
***********************************************************************************
***********************************************************************************
Confusion Matrix:  [[12, 0, 0, 0, 0, 0], [0, 12, 0, 0, 0, 0], [0, 0, 10, 0, 0, 0], [0, 0, 0, 23, 5, 0], [0, 0, 0, 3, 21, 0], [0, 0, 0, 0, 0, 14]]
Missclassification cost while training: 13
Error at iteration 56 : 0.4168833979969526
***********************************************************************************
***********************************************************************************
Confusion Matrix:  [[12, 0, 0, 0, 0, 0], [0, 12, 0, 0, 0, 0], [0, 0, 10, 0, 0, 0], [0, 0, 0, 24, 4, 0], [0, 0, 0, 3, 21, 0], [0, 0, 0, 0, 0, 14]]
Missclassification cost while training: 11
Error at iteration 59 : 0.4158470713134995
***********************************************************************************
***********************************************************************************
Confusion Matrix:  [[12, 0, 0, 0, 0, 0], [0, 12, 0, 0, 0, 0], [0, 0, 10, 0, 0, 0], [0, 0, 0, 25, 3, 0], [0, 0, 0, 3, 21, 0], [0, 0, 0, 0, 0, 14]]
Missclassification cost while training: 9
Error at iteration 61 : 0.4151631725922849
***********************************************************************************
***********************************************************************************
Confusion Matrix:  [[12, 0, 0, 0, 0, 0], [0, 12, 0, 0, 0, 0], [0, 0, 10, 0, 0, 0], [0, 0, 0, 26, 2, 0], [0, 0, 0, 3, 21, 0], [0, 0, 0, 0, 0, 14]]
Missclassification cost while training: 7
Error at iteration 67 : 0.41175160445621756
***********************************************************************************
***********************************************************************************
Confusion Matrix:  [[12, 0, 0, 0, 0, 0], [0, 12, 0, 0, 0, 0], [0, 0, 10, 0, 0, 0], [0, 0, 0, 26, 2, 0], [0, 0, 0, 2, 22, 0], [0, 0, 0, 0, 0, 14]]
Missclassification cost while training: 6
Error at iteration 69 : 0.4099743253034663
***********************************************************************************
***********************************************************************************
Confusion Matrix:  [[12, 0, 0, 0, 0, 0], [0, 12, 0, 0, 0, 0], [0, 0, 10, 0, 0, 0], [0, 0, 0, 27, 1, 0], [0, 0, 0, 2, 22, 0], [0, 0, 0, 0, 0, 14]]
Missclassification cost while training: 4
Error at iteration 79 : 0.3970489369527786
***********************************************************************************
***********************************************************************************
Confusion Matrix:  [[12, 0, 0, 0, 0, 0], [0, 12, 0, 0, 0, 0], [0, 0, 10, 0, 0, 0], [0, 0, 0, 28, 0, 0], [0, 0, 0, 1, 23, 0], [0, 0, 0, 0, 0, 14]]
Missclassification cost while training: 1
Error at iteration 126 : 0.5539907795581966
***********************************************************************************
***********************************************************************************
Confusion Matrix:  [[12, 0, 0, 0, 0, 0], [0, 12, 0, 0, 0, 0], [0, 0, 10, 0, 0, 0], [0, 0, 0, 28, 0, 0], [0, 0, 0, 0, 24, 0], [0, 0, 0, 0, 0, 14]]
Missclassification cost while training: 0
Error at iteration 236 : 0.29658597140948395
***********************************************************************************


------------------------------------------------------------------------- Training finished at:  2017-10-19 17:07:49 ------------------------------------------------------------
accuracy: 85.000000000
Missclassification cost on the Test Data:  33